            6.0338           29.6964           52.9921           75.6478           97.7457          119.3715          140.7753          161.8427          182.9344
           11.9064           32.1948           53.0555           73.7703           94.7929          115.5034          136.6455          157.2655          178.2952          198.8922
            1.6119           20.0538           38.3134           57.2209           76.6745           96.4692          116.4310          136.6745          156.9584          177.4516          197.9316
           10.9323           32.5105           53.9347           75.1928           96.3890          117.2728          138.3122          159.0492          179.9896
           14.8730           35.2498           56.0919           76.7702           97.5758          118.2822          139.1950          159.8741          180.7314
           11.5723           31.8740           52.0652           72.6549           93.1241          113.7873          134.4918          155.2342          175.9599          196.7176
            4.4905           29.8156           54.4377           77.2747           99.2557          120.4929          141.6162          162.4127          183.3515
            0.0925           17.4128           35.6301           54.9720           74.8688           94.9670          115.3339          135.9124          156.4744          177.1373          197.8151
           14.7958           34.5264           54.6594           75.0403           95.7337          116.2991          137.1232          157.7299          178.5932          199.2298
           11.7983           32.4564           53.1703           74.0140           94.9772          115.8123          136.9376          157.6960          178.6516          199.3401
           11.4771           33.6961           55.3154           76.8347           97.9858          119.1542          140.1072          161.0747          181.9157
            8.7114           30.8970           52.5728           74.2084           95.7767          116.8256          138.0315          158.8939          179.8996
            9.9278           31.9895           53.7953           75.2348           96.7687          117.8195          139.0147          159.7114          180.7544
           16.0163           36.3759           56.9168           77.6358           98.2716          118.8541          139.6912          160.3974          181.2376
           12.5495           34.1151           55.3185           76.5330           97.4516          118.5586          139.5711          160.5716          181.4746
           12.9536           34.7098           55.9082           77.2328           98.3545          119.3972          140.4330          161.2867          182.2368
           12.7232           32.5152           52.5326           72.7540           93.1300          113.5285          134.1928          154.7056          175.4300          196.0084
           16.7122           35.8315           55.4738           75.5923           96.2572          116.6541          137.5340          158.0334          178.9248          199.5146
           12.1398           33.6502           55.2757           76.4083           97.5929          118.3481          139.3993          160.0518          180.9873
           13.4335           33.8116           54.4763           75.1749           96.1284          116.9498          137.9007          158.6124          179.5122
            4.5724           23.2331           40.4514           57.8839           76.1932           95.3520          114.8975          134.8106          154.8346          175.1346          195.3512
            2.2766           20.8342           39.2650           58.2549           77.8272           97.8917          117.9919          138.7341          159.1908          180.0702
            5.4715           27.5320           49.9961           72.3587           94.9733          116.6343          138.2736          159.2345          180.4349
           11.1714           31.9677           52.2698           73.2631           94.0559          114.9728          136.0575          156.9063          177.8345          198.6542
            8.5403           31.2326           53.6518           75.3373           96.9957          117.8933          138.9538          159.5855          180.5496
            6.8344           29.5732           52.0127           74.2542           96.1931          117.5938          138.9168          159.7952          180.8133
           12.3225           35.5333           57.4124           79.0303          100.2629          121.3299          142.3304          163.1913          184.1154
            0.7134           18.7705           37.0920           56.1128           75.5721           95.6193          115.5548          136.0900          156.3115          177.0696          197.4289
            1.3336           21.7542           41.8685           61.6476           81.4551          101.3561          121.4353          141.7891          162.2527          182.9059
            2.1166           20.6897           39.1316           57.9969           77.4738           97.2905          117.4575          137.9560          158.4962          179.1732          199.8245
           16.7492           36.2570           56.3330           76.5102           97.1186          117.5310          138.2150          158.7050          179.4813
            0.4119           18.9749           38.1331           57.8161           77.9912           98.4513          119.0936          139.7357          160.4596          181.1755
           11.5728           33.4543           54.5286           75.8659           96.9316          118.1335          139.1900          160.2007          181.1127
           17.8362           37.6355           57.9305           78.3376           98.9576          119.5368          140.3343          160.9730          181.8303
           11.1709           33.6523           55.3669           76.8921           98.2880          119.3118          140.3547          161.1140          182.0317
            7.6117           29.3751           51.1937           72.8891           94.4091          115.7556          137.2114          158.1849          179.3114
            3.0708           21.7325           39.7090           58.1132           77.1549           96.8090          116.5706          137.0134          157.2080          177.9489          198.3484
            9.3552           31.5742           53.3738           75.0177           96.5993          117.8487          138.9699          159.9189          180.8281
            4.7558           29.6163           53.5109           76.5330           98.7153          120.2301          141.4284          162.3746          183.3345
            0.0550           18.0719           36.8772           56.5902           76.6720           97.1722          117.4735          138.2970          158.7710          179.6709
            7.5708           28.9089           49.2778           70.5451           91.5737          112.8953          134.1750          155.3735          176.4555          197.4910
            0.3754           19.1331           38.2753           57.8526           77.9352           98.2311          118.7521          139.5095          160.2111          181.0294
            5.2931           26.3521           47.0325           68.3109           90.4875          112.5998          135.0523          156.5336          178.1317          199.1121
            5.2986           28.5314           51.5741           74.3328           96.4665          117.8630          139.1733          160.0697          181.0456
            1.0882           18.9700           37.3581           56.7255           76.6963           96.9517          117.4333          138.1058          158.7740          179.5281
            8.2574           29.8763           51.6564           73.0706           94.7526          115.8964          137.0931          157.9150          178.9019          199.6521
           17.5538           36.9361           56.8324           77.0306           97.4922          118.0136          138.6953          159.3145          180.0750
           17.0096           37.1331           57.9597           78.6344           99.2716          119.8167          140.5529          161.1870          182.0182
           16.7466           35.7755           55.5748           75.6202           95.9736          116.2563          136.9094          157.4137          178.2167          198.7938
            4.9742           25.3126           43.7297           61.6330           79.7106           98.3483          117.7695          137.5948          157.7715          178.1367          198.6631
           12.0875           32.8160           54.0135           74.9144           95.8398          116.5744          137.5336          158.1879          179.1125          199.7959
           14.5940           35.4908           56.4430           77.3750           98.1570          119.0961          139.8883          160.7311          181.5136
           18.5347           38.1290           58.2094           78.4708           98.9141          119.3922          140.2154          160.8513          181.7353
            8.9525           30.4327           51.8327           73.0925           94.7100          115.7736          137.1303          157.9542          179.0726          199.7733
           12.2247           33.2734           54.6109           75.7136           96.7914          117.4905          138.3989          159.0170          179.8964
           11.3909           34.1321           56.5695           78.1046           99.4377          120.3520          141.3941          162.1343          183.0507
           10.8203           32.3326           53.7145           75.0794           96.2757          117.1534          138.1929          158.9118          179.8579
           15.3142           36.4341           57.8768           78.8145           99.7713          120.4116          141.2111          161.8394          182.6425
            2.9726           23.2173           42.3791           61.2173           80.2116           99.6520          119.5153          139.8672          160.3189          180.9956
            1.2115           20.1730           39.4177           58.9938           78.9946           99.3734          119.7625          140.3397          160.8909          181.6323
           17.8841           37.2747           57.2155           77.4485           98.0528          118.5172          139.2743          159.8759          180.7150
            9.7287           32.1934           53.8352           75.4888           96.9543          118.1117          139.3568          160.2348          181.2128
            3.7152           23.5130           42.6318           61.6652           80.7135           99.9363          119.6147          139.6956          159.9340          180.3717
           13.3033           32.7814           52.7898           72.9345           93.3441          113.6266          134.4740          154.8318          175.6343          196.0481
            3.4500           24.8333           45.7356           67.7938           91.2177          114.1525          136.6933          158.2498          179.6870
           12.3771           32.2970           52.3294           72.7529           93.1720          113.7252          134.4872          155.1557          175.8287          196.5334
           15.1732           34.8414           55.0907           75.4653           96.1132          116.6492          137.7132          158.3324          179.3385          199.9308
            5.9321           30.7145           54.5733           77.4371           99.4519          120.7524          141.9313          162.8169          183.7698
           14.7118           35.0315           55.6800           76.3512           97.0473          117.8139          138.6523          159.4144          180.2340
            5.0246           25.4371           44.4898           62.8538           80.8904           99.1743          118.1674          137.8924          157.9134          178.2341          198.6330
           10.7312           32.0170           52.6150           73.8577           94.7933          115.8522          136.7979          157.6815          178.4940          199.3757
           13.9295           32.9950           52.3213           72.0361           91.8934          111.9335          132.2139          152.2129          172.2020          191.6129
            2.9521           22.0329           40.1558           58.5111           77.5167           96.9496          116.7921          137.1193          157.4742          178.0135          198.5666
            7.8776           29.0294           50.0737           71.4115           92.5270          113.6963          135.1105          156.1169          177.2212          198.0918
            3.5303           23.2099           41.7155           60.2337           79.0761           98.4197          118.1123          138.2545          158.5350          179.0318          199.5753
            1.1786           20.3251           39.6104           59.0448           78.8133           99.1531          119.4497          140.1343          160.5934          181.4540
            6.6489           30.1818           52.9558           75.4794           97.2591          118.4773          139.7149          160.5639          181.5747
            6.0342           28.7898           51.1544           73.8153           95.5654          117.0536          138.3815          159.4344          180.4318
           10.9987           32.2557           52.8654           74.0149           95.0461          116.1457          137.2820          158.2313          179.1685
            2.9334           20.3328           37.5552           55.6529           74.5571           94.0921          113.7473          134.1894          154.2279          174.9167          195.0450
           16.1968           35.6932           56.1139           76.6148           97.2898          117.9638          138.7133          159.3704          180.1732
            0.0982           18.6459           37.7380           57.2888           77.1222           97.3906          117.5940          138.0858          158.4941          179.1687          199.7018
            1.0397           18.8333           37.0525           56.0985           75.7380           95.7127          115.9753          136.2922          156.7701          177.2530          197.9103
           15.7113           36.0365           56.6488           77.4090           97.9914          118.6496          139.3329          160.0917          180.8144
            4.3609           22.4931           39.8142           57.4059           76.0393           95.6751          115.4539          135.9278          156.1556          176.8531          197.2492
           17.0536           37.2343           57.8428           78.5597           99.2442          120.0312          140.7383          161.4533          182.2094
            5.6568           31.7923           55.7170           78.4857          100.1925          121.4382          142.4917          163.4011          184.2946
            4.0379           26.7907           50.3347           73.4673           96.3064          117.8726          139.3309          160.2330          181.3142
            2.3128           22.2702           41.1284           59.9932           79.1148           98.7872          119.0517          139.4736          160.0938          180.7067
           13.9260           34.0340           54.6560           75.3126           96.1998          116.7127          137.6740          158.2358          179.1764          199.7420
            1.9137           20.2345           38.3743           57.6528           77.4207           97.5345          117.9115          138.5560          159.1965          179.9200
           13.2340           35.5105           57.4414           78.7258           99.8366          120.5286          141.4048          162.0756          182.9307
           13.1529           34.0536           54.8557           75.6026           96.6471          117.5283          138.5708          159.3800          180.2834
           10.6743           32.7364           54.4938           75.8905           97.2108          118.2524          139.3133          160.0915          181.0130
            3.0242           22.7889           41.9104           60.7141           79.6944           99.4057          119.4295          139.9961          160.3926          181.2113
           14.3516           34.4367           54.7749           75.2762           95.9873          116.6912          137.6583          158.3126          179.2102          199.8907
            3.8851           24.5666           44.3597           63.0544           81.2950           99.8504          119.0764          139.0897          159.2130          179.8570
            1.6108           20.9376           39.8138           59.0764           78.7934           98.9227          119.2506          139.8101          160.3857          181.1592
            4.4172           26.9073           49.3883           72.2302           94.8282          116.9359          138.6728          159.9839          181.2146
            0.6929           19.1182           37.8708           57.3120           77.2303           97.3489          117.9575          138.6150          159.3683          180.0918
           18.2736           37.0500           56.5877           76.6899           96.9752          117.5169          138.0923          158.7908          179.4981
            2.5537           20.7590           38.6710           57.0914           76.0943           95.7831          115.6153          135.8509          155.9922          176.5539          196.8934
            3.9714           25.9165           47.6013           70.1316           93.2971          115.7502          137.8107          159.3783          180.7311
            5.6808           29.3332           52.6922           75.3342           97.1134          118.4987          139.4772          160.3424          181.1919
           12.1218           33.3215           54.2850           75.4133           96.2919          117.1469          138.1158          158.9326          179.7711
            2.8095           21.6753           40.0497           58.7126           77.8739           97.4555          117.3163          137.7162          158.0551          178.7124          199.2334
           14.9883           34.5550           54.6149           74.9746           95.4142          115.8898          136.7719          157.3942          178.2219          198.8907
           16.8716           36.1214           56.0740           76.2141           96.7321          117.0460          137.8785          158.3513          179.2254          199.8146
           15.1522           35.0744           55.2940           75.8337           96.6527          117.3897          138.3544          159.0052          179.9335
            7.3762           29.8942           52.5879           74.6917           96.6561          118.0132          139.3114          160.2082          181.2665
            9.8345           31.0734           52.2288           73.4537           94.8042          115.7698          137.0916          157.8657          178.9859          199.7163
           11.7743           32.2293           52.8501           73.5543           94.3675          115.0754          136.0720          156.7467          177.6730          198.3508
            9.6965           31.8215           53.8107           75.4752           97.0932          118.1895          139.3239          160.1753          181.1796
            1.0051           20.0913           39.0371           58.4336           78.1908           98.3276          118.5525          139.0870          159.5734          180.2911
            3.9743           26.3552           48.9984           72.1095           94.6480          116.5523          138.1381          159.3135          180.3904
           13.1124           33.1756           53.3918           73.8239           94.7722          115.4557          136.5976          157.2397          178.2287          198.8485
           16.5241           35.2901           54.8127           74.5318           94.9290          115.1496          135.8956          156.2125          176.9953          197.4345
           17.9725           37.3503           57.4110           77.7138           97.9967          118.4955          139.2386          159.9337          180.7119
           15.0971           36.2344           57.0335           77.9699           98.9536          119.7905          140.7923          161.5537          182.4629
           18.8115           38.5690           58.7735           79.1306           99.7953          120.3925          141.1993          161.8370          182.6919
           12.7885           33.3349           53.7884           74.6331           95.5052          116.4421          137.4344          158.2367          179.0950          199.8433
           14.4555           34.7108           55.0764           75.7674           96.3996          117.1319          137.8533          158.6128          179.3319
           17.0933           36.1890           56.1920           76.3065           96.5537          116.9497          137.5615          158.1964          178.9135          199.5921
            2.9965           22.7621           41.3875           59.8625           78.6704           98.2526          118.1734          138.5787          158.9333          179.6340
            3.5721           26.1330           49.1919           73.2186           96.0756          117.8942          139.4524          160.4872          181.5205
           17.2139           36.7724           57.1294           77.6943           98.3523          119.0931          139.8722          160.5984          181.4156
            7.0728           29.1138           51.2530           73.1720           94.9886          116.4670          137.7884          158.8016          179.8783
            2.1662           20.2544           38.4334           57.0162           76.2729           96.1504          116.4075          136.9281          157.4258          178.0944          198.7333
            4.4301           25.3091           44.8775           64.4740           83.1474          101.8162          120.6564          140.1353          160.0980          180.3117
           12.9352           33.3670           53.9959           74.6933           95.5126          116.4173          137.1738          157.9728          178.7382          199.5267
           17.7916           37.1323           57.0556           77.2506           97.6536          118.1525          138.9916          159.6427          180.5376
            2.3334           20.2344           38.2985           56.7724           75.7428           95.2528          114.9299          135.0814          155.1042          175.4351          195.5846
            8.1328           29.9008           51.3405           73.0967           94.6714          115.9148          137.2334          158.1007          179.1734          199.9598
            9.6514           31.1865           52.6795           73.9084           95.1559          116.2313          137.3259          158.2529          179.1934
           14.6476           36.7616           58.5947           79.8749          101.0563          122.0312          142.9339          163.7134          184.5519
            4.9698           27.3321           49.6925           72.3526           94.9927          116.6107          138.2474          159.2586          180.4113
           15.1568           34.7504           55.0750           75.5152           96.2683          116.9650          137.8944          158.5535          179.4283
            2.6739           20.8065           38.9349           57.3366           76.3538           95.9121          115.5936          135.9935          156.0823          176.6927          196.9642
            4.2368           24.8321           44.9527           64.7744           83.7705          102.4982          121.2924          140.7270          160.5520          180.8961
           11.6900           31.4519           51.2049           71.2321           91.3827          111.6754          132.0693          152.3083          172.4935          192.4370
           17.4315           36.6166           56.4702           76.5497           96.7942          117.2769          137.7209          158.3363          178.9335          199.6367
            9.8946           30.0552           50.0946           70.3540           91.1385          111.4900          132.4950          152.8626          173.8738          194.2538
            8.7531           30.2914           51.8748           73.2152           94.7139          115.8723          137.2055          158.1943          179.3178
            2.7946           29.4343           55.0083           78.6744          100.9737          122.5964          143.7918          164.8701          185.8934
           11.2743           32.6259           53.9729           75.1326           96.0738          116.8850          137.7695          158.5324          179.3768
            5.5942           27.2072           48.2437           70.0296           91.7319          113.6337          135.4322          156.8139          178.0537          199.0935
           10.5679           31.2719           51.8199           72.6947           93.6484          114.4721          135.5957          156.3248          177.2918          198.0107
            8.0233           29.4536           50.8522           72.0792           93.6523          114.6863          135.9393          156.7565          177.8172          198.5542
            0.7109           19.1703           37.9148           57.2960           77.1239           97.1746          117.6535          138.2468          158.9638          179.6713
            3.1007           27.2167           52.3123           75.8708           98.2759          119.8547          141.0138          161.9522          182.8560
           10.2609           32.4146           53.9297           75.4535           96.7558          117.8734          138.8894          159.7374          180.6122
            7.7732           28.8333           49.7549           70.7768           92.2747          113.3739          134.9713          155.8765          177.1586          197.8759
            4.9925           26.1726           46.9740           67.8144           89.8581          111.8472          134.0464          155.7728          177.3322          198.5507
           15.9525           35.2759           55.2942           75.5559           95.9759          116.5167          137.2049          157.8997          178.6537          199.3796
            4.5914           28.0902           51.1363           74.2329           96.4514          118.2564          139.5055          160.6053          181.5294
            6.6994           29.1141           51.0487           73.2189           95.3192          116.8539          138.1624          159.2558          180.2709
           13.4880           34.3186           55.0552           76.0136           97.0496          117.7541          138.8544          159.5114          180.5125
           10.6503           32.2598           53.5767           74.8999           96.2305          117.3019          138.4726          159.2789          180.2564
            6.0532           28.4685           50.7743           73.1280           95.3065          116.9164          138.3739          159.3324          180.4117
           14.8538           35.6127           56.5548           77.4122           98.1357          118.8155          139.5517          160.2504          181.0344
           10.1522           31.0188           51.6336           72.5435           93.6078          114.5720          135.5747          156.3633          177.2307          198.0334
            0.7103           20.0774           39.3136           59.1327           79.1668           99.5245          120.0983          140.6714          161.3153          182.0334
           13.8488           36.3157           58.4322           79.9134          100.9958          121.9335          142.8571          163.6250          184.4959
            6.6277           28.4344           49.6745           71.5994           93.3130          114.9140          136.4145          157.5488          178.6307          199.5519
            3.6545           25.1144           45.9131           68.1950           91.0373          114.3928          136.9909          158.9503          180.4078
           11.6595           32.2926           52.8178           73.7104           94.5899          115.4387          136.5538          157.3130          178.2733          198.9947
            1.8531           20.3144           38.7915           57.5463           77.0885           97.0528          117.2957          137.8674          158.4517          179.1714          199.8454
            3.1937           24.0314           43.7562           62.9731           81.8376          100.7491          120.1383          140.0717          160.3334          180.8166
           13.4133           33.4529           53.7937           74.4344           95.0328          115.6698          136.4669          157.1684          177.9526          198.6927
           15.8763           34.8905           54.9081           75.1112           95.7696          116.2927          137.0531          157.5933          178.4361          199.0579
            1.6852           20.4247           39.2341           58.8308           78.7139           98.8941          119.2319          139.8189          160.3362          181.0946
            9.5131           31.9110           53.6748           75.4137           96.7592          117.8123          138.8035          159.6684          180.5521
           11.5296           32.9566           54.0335           75.2765           96.1982          117.0638          138.0937          158.9050          179.8158
           15.1486           34.9722           55.3715           75.8157           96.3269          116.9776          137.7325          158.4361          179.2059          199.9576
           17.2164           36.0148           56.0729           76.2694           96.7672          117.3111          138.1084          158.7059          179.5731
            8.0460           31.0304           53.0344           75.1755           96.6102          118.0551          139.2344          160.2773          181.1661
            5.5579           26.5521           46.8095           67.4964           88.2745          109.2306          130.8720          152.2847          174.3336          195.8755
           14.1946           35.1943           56.3285           77.3334           98.3961          119.2249          140.1923          160.9329          181.8100
            9.6722           32.5704           54.8552           76.5568           97.8320          118.9922          139.8528          160.7108          181.4927
           13.5732           34.1998           54.7736           75.5729           96.5142          117.2954          138.0937          158.7947          179.5947
            8.1523           32.0742           54.5749           76.6669           98.3090          119.3342          140.3746          161.1017          182.0556
           12.3786           32.7187           53.6599           74.3540           95.2503          115.8354          136.6299          157.2134          178.0757          198.6904
            6.1274           26.2502           45.4055           64.0706           81.9306           99.9953          118.5515          137.8949          157.5547          177.5277          197.6741
            0.9706           18.6869           36.7347           55.7948           75.3127           95.0749          115.1753          135.3708          155.7715          176.1319          196.7325
            9.2326           33.6927           56.5059           78.6566          100.2715          121.4291          142.5458          163.4136          184.3667
           15.8906           34.8137           54.3964           74.2862           94.5929          114.8712          135.3444          155.8166          176.4211          197.0161
            7.9097           31.0558           54.0875           76.3304           98.2994          119.7282          141.1290          162.1763          183.2975
           17.7350           37.9240           58.7306           79.4312          100.1127          120.8096          141.6706          162.4351          183.2752
            7.5021           28.2714           49.1989           70.1348           91.6249          112.8320          134.2644          155.2723          176.3916          197.2481
            3.2598           23.9937           43.1342           61.6770           80.3536           99.5741          119.3934          139.6536          160.1125          180.7233
           15.4539           34.7670           54.6766           74.8704           95.2930          115.8590          136.5435          157.1931          177.9495          198.6576
            9.6669           30.5498           51.4739           72.3322           93.3922          114.3675          135.4318          156.2663          177.2160          197.9879
            9.2312           31.2705           52.8747           74.4115           95.8503          116.9334          137.9103          158.7335          179.5894
           10.2712           33.4157           55.7127           77.3272           98.8567          119.8776          140.9535          161.7153          182.6585
           16.4553           36.4482           56.7207           77.2737           98.0541          118.7139          139.4347          160.0975          180.8719
            2.6541           21.9344           40.3317           59.1717           78.4312           98.1384          118.1124          138.4544          158.8968          179.4915
            5.7742           26.3474           46.3181           65.7517           84.3300          102.3941          120.5542          139.6777          159.2760          179.4536          199.6716
           18.4632           38.1352           57.9134           78.0147           98.5331          118.9508          139.6789          160.2317          181.0272
            2.7856           22.3731           41.2957           60.1938           79.2660           98.7972          118.6919          138.8447          159.1563          179.6251
           10.9143           32.5742           53.7733           75.1157           96.1222          117.1847          138.2522          159.1156          179.9961
