           18.9951           42.4958           62.7302           82.6829          103.1767          123.5886          144.4992          165.0755          186.1107
           17.6766           40.0547           60.8698           81.4124          102.0889          122.7401          143.5829          164.2735          185.1724
           18.7673           40.6927           61.5774           82.3775          102.9308          123.4791          144.2550          164.9877          185.8313
           19.8919           40.6050           61.0166           81.7525          102.8214          123.3485          144.4094          164.9756          186.0981
           18.0436           39.6624           60.2673           80.8263          101.6524          122.2727          143.1269          163.8001          184.7616
           19.3988           41.6695           62.8585           82.7280          103.1362          123.5687          144.4032          165.0369          185.9915
           39.5984           82.6182          123.4550          164.6554
           18.7496           40.4921           60.9592           81.4682          102.1392          122.7841          143.6448          164.4580          185.3029
           18.6426           40.3390           61.0633           81.6389          102.3271          122.8526          143.8051          164.4608          185.4764
           19.3552           40.6128           61.1531           81.5709          102.2580          122.7137          143.5245          164.1926          185.1004
           19.8631           41.6131           61.5634           82.1649          103.1111          123.6995          144.5696          165.2744          186.2365
           21.4572           43.0069           64.1199           83.7799          104.2356          124.3848          145.1439          165.7895          186.6924
           21.1090           41.8316           62.1955           82.4305          102.8961          123.4636          144.2098          164.9274          185.7754
           17.8390           39.5817           60.3195           80.9861          101.8311          122.4539          143.3328          164.0040          184.9495
           19.6566           40.9860           61.3760           81.7186          102.5481          122.9802          143.9887          164.5696          185.6331
           21.5396           59.8669           83.6762          104.5778          124.5045          145.4725          166.0099          187.1570
           18.5305           42.4743           62.5825           82.5827          103.0537          123.4848          144.2643          164.9775          185.8501
           17.8169           39.4268           60.0816           80.8278          101.5547          122.1494          143.0454          163.7486          184.6976
           19.0726           40.8647           61.3405           81.7600          102.5386          123.0139          144.0252          164.6398          185.6611
           21.3478           43.4847           64.2522           83.8322          104.1604          124.8116          145.3457          166.1862          186.9741
           20.8392           42.1027           62.3352           82.6139          103.1509          123.6412          144.4905          165.2539          186.1022
           28.7944           60.9088           91.0193          105.5744          128.6516          146.6387          173.0854          188.0757
           21.4341           44.8540           65.9617           83.6159          104.0653          124.5171          145.3371          166.0382          186.9275
           20.2983           41.4166           61.3353           81.8809          102.5832          123.0479          143.9514          164.5929          185.5329
           21.6491           60.8100           99.0685          124.1628          146.2558          166.2420          187.5901
           18.6399           40.2087           61.0035           81.5098          102.3061          122.9786          143.8785          164.4867          185.4475
           21.4413           57.8777           82.9583          104.9648          124.9946          145.7665          166.4485          187.4499
           17.7635           39.1953           60.1744           80.9585          101.7526          122.2718          143.1777          163.7748          184.7289
           38.9641           82.8000          123.9994          165.3412
           20.1955           42.2988           62.0533           82.2070          102.9574          123.4447          144.4338          165.0294          186.0108
           17.7566           40.4977           60.9761           81.4230          102.1228          122.5896          143.4331          164.0320          184.9896
           32.9110           82.1338          123.8459          165.2292
           18.0880           40.3192           61.2586           81.7851          102.3918          122.9079          143.7292          164.4193          185.2865
           20.5191           43.4230           63.0676           83.1488          104.0307          124.2615          145.0618          165.7025          186.6743
           19.7627           40.9291           61.3920           81.8019          102.3222          123.0556          143.8513          164.6148          185.4985
           18.3663           40.3688           61.0215           81.6505          102.6215          123.0441          144.0068          164.5261          185.5821
           17.4469           39.8764           60.5809           81.1917          101.9470          122.5293          143.4049          164.0637          185.0275
           22.1608           44.1306           62.9175           82.7474          103.5837          123.8535          144.8787          165.2980          186.4963
           20.5724           46.9142           65.2820           83.1392          104.0023          124.1744          145.0823          165.5484          186.6889
           23.2714           59.3765           83.6347          104.8388          124.8920          145.7463          166.3186          187.2858
           20.1186           60.8195          100.8535          125.0694          146.3369          167.1023          188.0085
           18.9976           41.0446           61.6700           82.0325          102.9120          123.4914          144.4146          165.0420          186.0499
           19.3195           43.6684           62.6292           82.5734          103.2823          123.6797          144.6324          165.2482          186.3108
           18.3558           40.2041           61.1327           81.6570          102.4333          122.9256          143.7634          164.3905          185.3246
           18.8673           40.7628           61.2545           81.6947          102.4831          123.0396          143.9279          164.5709          185.5911
           20.9497           44.6442           66.6003           83.8082          103.8005          124.3699          144.9926          165.7941          186.5550
           21.1739           43.1829           63.1380           82.8069          103.5893          123.8019          144.7868          165.2596          186.2804
           19.4299           40.4718           61.3495           81.7533          102.4971          122.8894          143.7954          164.3953          185.3480
           36.8776           79.2897          107.1757          127.8187          148.4468          170.3866          189.7805
           18.2060           39.7429           60.5546           81.2709          102.0751          122.5417          143.3979          164.0236          184.9416
