            3.0273           21.9960           39.9134           58.4108           77.4107           96.8946          116.7028          136.8346          157.1175          177.5791          198.0305
            9.5719           32.4128           54.1544           75.7548           97.3509          118.2738          139.0924          159.8120          180.4931
            2.5932           23.5333           43.4960           63.5730           83.5099          103.0151          122.4587          142.0467          161.8099          182.0015
           14.7929           35.2107           56.0195           76.3872           97.3357          117.9312          138.6882          159.1945          179.9936
            9.9983           30.6236           50.6693           71.1509           91.8893          112.7318          133.3672          154.4174          175.0556          195.9525
            8.6966           30.3262           51.3326           72.4163           93.9352          114.9495          136.1537          157.0089          178.0709          198.7055
           12.0918           32.8342           53.2982           73.9038           94.7469          115.6142          136.3543          157.0669          177.8343          198.4695
           13.5359           33.6918           53.6310           73.8532           94.5309          115.2380          135.8738          156.5724          177.1328          197.7889
           15.6139           35.2921           55.3889           75.5303           96.0727          116.4278          137.0706          157.5756          178.3517          198.8521
           15.1285           34.3482           54.1575           74.2138           94.6137          115.0815          135.6123          156.1518          176.7102          197.2834
           17.1584           36.7075           56.9313           77.2409           97.6738          118.0520          138.4738          158.9630          179.6743
           16.0911           35.4978           55.3571           75.2901           95.7741          116.2665          136.8533          157.3254          178.0939          198.6176
            7.4347           29.2936           50.9964           72.3615           94.0903          115.4540          136.6316          157.4747          178.3288          198.9708
            6.9537           28.4148           49.2414           70.3469           91.8913          113.4933          134.7832          155.9427          177.1508          198.0557
            7.2352           29.3930           50.9395           72.2941           94.0458          115.5988          136.7948          157.7703          178.6137          199.3914
            2.6355           22.3515           41.0304           60.1967           79.3431           98.9791          118.9684          139.1121          159.4475          179.9925
           15.8733           35.3122           55.0129           74.9961           95.2850          115.5785          135.9692          156.5317          177.0904          197.6891
            4.1096           25.2115           45.5249           66.1525           87.2314          108.8742          130.9219          153.8092          176.2342          198.0950
            3.4186           22.5536           40.7060           59.1544           78.1324           97.6143          117.4572          137.5501          157.7509          178.2544          198.6512
           12.8204           32.5495           52.5087           72.5440           93.1948          113.8068          134.3644          154.9879          175.7735          196.3531
            9.2297           30.6345           51.2300           71.9681           93.4731          114.5323          135.6865          156.6735          177.8542          198.5909
            5.7594           27.0548           47.4183           68.1331           89.5364          111.0374          132.7731          154.6518          176.1083          197.4592
            9.8930           31.2740           52.4534           73.0892           94.5568          115.3998          136.4160          157.0565          177.9132          198.4454
            6.8150           29.2924           50.6750           72.3545           94.3131          115.8569          137.0889          158.1936          179.0759          199.8934
            1.8512           20.6118           39.3732           58.5964           77.9751           97.9338          117.9151          138.1932          158.5543          179.0953          199.5440
            5.2515           26.4125           46.7759           67.2768           88.5342          110.0552          132.2311          154.2448          176.3153          197.6136
           16.9519           37.6752           58.7506           79.3322          100.0792          120.6078          141.1736          161.6298          182.3323
           12.0926           32.8509           53.5937           74.3371           95.3677          115.9773          136.8738          157.4936          178.3534          198.9111
            3.5083           25.0375           45.8731           67.4347           90.0908          113.3263          135.6331          157.6385          179.1462
            9.6049           30.1553           50.3671           70.4247           91.2989          111.9135          132.7740          153.5544          174.3304          195.0542
            2.8769           22.9349           41.6287           60.6130           79.6011           99.0476          118.8879          139.0721          159.3734          179.9123
            2.7335           21.2092           39.0498           57.3385           76.2490           95.8110          115.5954          135.6700          155.9124          176.3135          196.7360
            1.5545           20.2919           39.3082           58.7958           78.5939           98.5673          118.8316          139.2282          159.6117          180.2349
            2.9522           22.6318           40.9754           59.9753           78.9339           98.3100          118.2104          138.3934          158.6945          179.0526          199.5581
            1.5480           20.2567           38.6338           57.9543           77.2683           97.0924          117.2138          137.5269          157.7485          178.2096          198.6390
           10.2482           32.4148           53.9339           75.0525           96.4900          117.3269          138.2479          158.9348          179.7943
           14.4726           34.0739           54.2140           74.2754           94.8088          115.3143          135.9340          156.4328          177.2496          197.7766
           11.1971           31.7335           52.0543           72.2923           93.1126          113.9508          134.8352          155.5939          176.5490          197.1910
            3.2329           21.4762           39.1751           57.4510           76.2554           95.7156          115.3286          135.2306          155.3302          175.6669          195.9523
            1.2927           18.7934           36.6723           55.5780           74.6330           94.5577          114.5328          134.8723          155.2183          175.7540          196.1699
           13.5929           34.4293           55.3149           76.0506           96.8511          117.4689          138.0981          158.6656          179.3936          199.9680
           14.5163           34.5448           54.9449           75.4762           96.2948          116.7505          137.3146          157.8531          178.6445          199.2130
            2.4883           22.3681           41.7135           61.1699           80.6083          100.0532          119.7657          139.8347          159.9885          180.3654
           15.7746           35.1766           55.0507           75.3134           95.7364          116.0863          136.5936          157.0342          177.7526          198.2695
           16.4145           35.2961           54.9220           74.7574           95.0934          115.4506          136.0325          156.4727          177.0935          197.5944
           12.7336           33.6569           54.2728           75.1511           96.0132          116.7693          137.3804          158.1068          178.7725          199.4730
            2.6153           20.7833           38.6748           57.3739           76.4488           96.2116          116.1925          136.5033          156.8320          177.3486          197.8136
            3.8247           25.4688           46.0466           67.7680           90.3925          113.6726          135.8956          157.8524          179.2278
           19.7917           40.1553           61.1565           81.6909          102.0356          122.5049          142.8988          163.2319          183.6935
           12.4740           33.4504           54.0038           74.8567           95.7336          116.5102          137.1563          157.8504          178.6555          199.3141
            6.4148           27.9142           48.4068           69.6163           91.2684          112.8550          134.4364          155.9876          177.3710          198.4351
            2.8744           20.9132           38.5354           56.9742           76.0751           95.7902          115.6758          135.8929          156.1759          176.5685          197.0129
           15.6367           35.7324           56.1775           76.5924           97.0935          117.6715          138.2597          158.8490          179.5138
            9.4719           32.3083           54.3318           75.9367           97.4958          118.5984          139.5761          160.2502          181.0554
            3.7910           24.0925           43.3993           62.5896           81.3726          100.2514          119.4655          139.1342          159.0443          179.2954          199.5961
            2.8091           22.8093           41.5502           60.8032           79.7247           99.2951          119.0958          139.2155          159.5543          180.0798
            2.7768           21.8880           40.0537           58.7729           78.0135           97.6727          117.6670          137.7672          158.1503          178.7129          199.2737
           11.3701           34.8693           57.1528           78.9536          100.3288          121.3134          142.2343          162.8220          183.5037
           12.8456           34.7727           56.3824           77.4520           98.5714          119.3427          140.2946          160.8795          181.6516
           14.9895           36.2531           57.6144           78.6540           99.5116          120.2327          140.8928          161.4568          182.0139
           16.4391           36.6696           57.0916           77.4146           98.0112          118.5703          139.1345          159.6751          180.3361
           10.7351           31.2505           51.4563           71.8527           92.6291          113.3745          134.0536          154.8366          175.7199          196.3686
            6.6181           27.6991           47.6742           68.0385           88.8336          109.7406          130.9177          152.6341          174.2202          195.7018
            7.6719           30.8158           52.9856           74.9433           96.8368          118.0958          139.1321          159.9706          180.9142
           11.1115           32.6962           54.0925           75.2345           96.4461          117.2339          138.1349          158.8095          179.6059
            6.2772           27.4121           47.9143           68.8543           90.3190          112.0979          133.7748          155.4292          177.0123          198.1259
           15.5701           35.8536           56.2351           76.2720           96.9765          117.7961          138.4905          159.0815          179.7138
           11.5529           33.5964           55.1588           76.1116           97.2116          118.1561          138.9879          159.6769          180.5344
            0.9294           19.8357           38.7926           58.6140           78.1738           98.2896          118.4297          138.9945          159.2711          179.9132
           13.2034           34.1741           55.3498           75.8905           96.8338          117.5940          138.3435          158.8350          179.5730
           14.4438           34.0347           53.7896           73.5085           93.9922          114.5540          135.1319          155.7748          176.3717          196.9940
           16.0747           36.4691           57.4154           77.8043           98.5945          119.0820          139.6728          160.1991          180.9534
           10.8690           32.8683           53.8319           75.2136           96.4759          117.3870          138.2060          159.0976          179.7873
            8.5726           27.2553           44.5335           61.2946           78.1535           95.7767          114.0333          132.7733          151.6632          170.3717          187.8146
            1.0182           19.5282           38.3302           58.0001           77.7713           97.9836          118.3363          138.8366          159.2349          179.7984
           18.8343           38.5571           58.7198           78.9500           99.3536          119.7958          140.2610          160.6462          181.2198
           12.9515           33.5597           53.7365           73.8863           94.7400          115.4132          136.2625          157.0936          177.8821          198.5915
            6.4917           25.2949           42.5155           59.7693           77.2918           95.6307          114.5420          133.6942          153.2316          172.9566          192.5293
            0.6685           18.7947           37.5303           56.9664           76.3566           96.4445          116.7124          137.1683          157.6538          178.3914          198.8887
           17.0917           35.1573           53.8595           72.9354           92.6334          112.6511          132.7130          153.0730          173.4778          193.8962
            6.3343           27.9651           48.5765           69.7070           91.4131          112.8912          134.4953          156.0333          177.3355          198.4105
            0.0339           18.5113           37.4978           57.4132           77.3748           97.6376          117.7878          138.2782          158.6327          179.3325          199.7724
           12.7619           32.8944           52.9112           73.0892           93.6943          114.2829          135.0027          155.7112          176.5121          197.1343
           15.6519           35.2321           55.3554           75.6767           96.1697          116.8538          137.3415          157.9346          178.4930          199.0927
            2.0545           22.9688           42.9524           62.9051           82.6468          102.1838          121.8599          141.7532          161.6558          181.9341
            5.6073           27.4143           48.7731           70.1947           92.2893          113.9323          135.5988          157.0191          178.2978          199.3184
            2.4574           20.3122           38.1309           56.8092           76.1163           96.0140          116.0534          136.5152          156.9356          177.5285          198.0301
           11.8095           32.7380           53.5341           74.4359           95.3626          116.1336          136.8477          157.5335          178.2716          198.9126
            9.9536           32.0286           53.5965           74.6374           96.1553          117.2732          138.2133          158.9733          179.8732
           14.9784           34.9910           55.1096           75.4144           96.0950          116.7427          137.3782          158.0314          178.6127          199.2789
            4.3134           24.9666           44.5116           63.8368           82.6192          101.2556          120.2767          139.7425          159.4327          179.5274          199.6937
            5.4544           26.6554           47.1737           67.1660           88.1379          109.5849          131.4412          153.4633          175.4712          196.7856
           16.0697           36.0584           56.3546           76.7526           97.2736          117.7240          138.1704          158.7735          179.3954
           10.0962           30.6353           50.6311           70.8457           91.5419          112.4133          133.1349          154.1338          175.1286          195.9988
            2.2073           22.7140           42.0724           61.8719           81.4566          101.0101          120.7411          140.7325          160.9340          181.3484
           10.3937           32.2319           53.2325           74.5737           95.6742          116.7529          137.4735          158.2942          178.9938          199.7541
            8.5136           30.1774           51.2588           72.4335           93.9808          115.1526          136.2741          157.1528          178.0665          198.7750
            0.6504           18.5110           36.8662           56.1901           75.7919           95.8451          115.9709          136.3753          156.7509          177.4142          197.8729
           14.1387           33.9357           54.0314           74.0936           94.5337          114.9729          135.5956          156.0511          176.7156          197.2163
            1.0141           19.1726           37.6945           56.8668           76.4904           96.4739          116.5664          136.9736          157.3499          177.9702          198.4698
