            3.5311           21.4705           39.1936           57.7337           76.9731           96.7573          116.7943          136.9269          157.2993          177.5949          198.0920
            0.8109           18.7306           37.4098           57.2250           77.4183           97.8738          118.4914          139.1310          159.8524          180.6488
           16.6377           35.9547           56.1527           76.5734           97.2528          117.9503          138.6646          159.4304          180.1888
           16.6121           36.1709           56.5145           77.2517           98.0736          118.8560          139.5930          160.3090          181.0933
            2.1539           21.4652           40.6945           60.5536           80.6504          101.0725          121.6549          142.2724          162.9752          183.7152
           13.4775           35.3339           56.7747           78.1901           99.5474          120.6355          141.5722          162.3789          183.3136
            7.5525           28.7740           49.0930           69.7950           90.2529          110.5312          130.2661          149.3406          167.6452          186.1317
            1.6658           19.8020           38.5143           58.3454           78.5680           99.1734          119.9746          140.7400          161.5726          182.4747
            1.9732           19.8910           38.1115           57.2489           76.9663           97.0915          117.4664          137.9326          158.5399          179.1889          199.8252
           14.6417           35.7557           56.8318           78.0133           99.1151          120.0440          140.9738          161.7272          182.6727
            1.4979           19.8341           38.4522           57.9525           77.8986           98.2627          118.7516          139.3589          159.9688          180.6935
           13.8912           33.6936           53.7167           74.0074           94.5544          115.2783          135.8062          156.5743          177.1835          197.8988
            5.6142           29.1720           52.4347           75.5741           98.0283          119.9903          141.3749          162.6106          183.6182
            2.0247           21.1649           40.2151           59.8146           79.7520          100.0909          120.5381          141.0918          161.6830          182.4866
           16.0350           36.8056           57.8320           78.9506          100.0302          121.0741          141.9160          162.7090          183.5930
           17.7771           38.0800           58.7147           79.6342          100.5873          121.5349          142.3342          163.1888          184.0764
           12.3302           34.6511           56.6960           78.3134           99.6515          120.8103          141.8527          162.7934          183.6902
            7.0503           29.7700           51.8113           74.4178           96.5705          118.2328          139.5837          160.6325          181.7309
           15.4738           35.2347           55.5946           76.1382           96.8085          117.5950          138.3735          159.1531          180.0340
           11.6743           33.5714           55.1534           76.5959           97.8457          118.9742          140.0177          160.8549          181.8291
           18.1194           38.6540           59.4375           80.2761          101.3121          122.2630          143.1270          163.9090          184.8393
            8.7754           30.0554           50.7921           71.9726           93.0370          114.2919          135.2893          156.5572          177.5508          198.6726
            0.9167           19.5520           38.7554           58.8942           79.3587          100.0340          120.7535          141.5364          162.2083          183.0350
            2.1325           20.8134           39.5698           59.2947           79.4312           99.9137          120.4618          141.1379          161.8319          182.5941
            7.2756           28.4954           48.4468           68.5871           87.3303          104.9324          122.7713          141.4261          160.9166          180.8938
            6.9730           29.6138           51.6119           74.0981           96.4348          118.3016          139.8915          161.1334          182.2448
           16.5983           37.2735           58.2953           79.3529          100.3311          121.2707          142.0973          162.9328          183.8134
            2.0917           20.7078           39.4338           58.7958           78.7121           99.0743          119.6940          140.2138          160.8610          181.5994
           15.1711           35.3342           55.9519           76.6674           97.5734          118.4465          139.3585          160.1366          180.9764
            0.2367           18.2122           37.1685           56.9614           77.1145           97.4933          118.1077          138.6458          159.3918          180.1156
           17.4154           36.7158           56.6699           77.0343           97.6747          118.3711          139.1362          159.8748          180.7321
           12.0357           34.8147           56.7820           78.4714           99.9525          121.2123          142.3141          163.3189          184.2382
           14.9936           35.3736           55.7885           76.7125           97.7154          118.6142          139.4058          160.1870          181.0713
            0.0444           18.4752           37.8707           58.1947           78.6993           99.4095          120.2541          141.0804          161.8444          182.6909
           15.4726           35.2924           55.8411           76.4842           97.2922          118.0763          138.9354          159.7155          180.5477
           15.6294           35.6969           56.0776           76.8137           97.6422          118.5166          139.2526          160.0919          180.8521
            2.3320           20.8956           39.3698           58.7128           78.6111           98.9830          119.5714          140.2564          160.8929          181.6597
           15.8277           37.1513           58.4938           79.6912          100.8470          121.8484          142.7346          163.5663          184.4947
            2.0328           21.5954           40.9919           61.0117           81.2716          101.8842          122.5848          143.3714          164.1526          185.0510
           18.1151           37.6718           57.8922           78.2653           98.9947          119.7886          140.6358          161.3490          182.2528
            3.2321           23.5505           42.7720           62.2257           82.0165          102.1762          122.6280          143.2358          163.9560          184.7528
            1.0903           19.7957           38.8164           58.8535           79.1700           99.7765          120.3946          141.0994          161.7935          182.5753
            2.7788           21.1031           39.4725           58.7952           78.6509           98.9530          119.5571          140.1943          160.8740          181.5923
            4.5672           32.1217           57.5937           81.0329          103.1813          124.8478          146.1914          167.3882          188.5682
           14.4309           34.5259           55.1518           75.8972           96.5892          117.3568          138.0341          158.8153          179.5350
           12.2188           33.5726           54.5108           75.6736           96.9115          118.0337          139.0169          159.8711          180.8076
           13.2743           34.0732           54.5942           75.3978           96.4308          117.4454          138.3733          159.2544          180.0649
           17.0938           36.1549           56.0939           76.2929           96.8889          117.4532          138.1553          158.7825          179.5754
            1.0337           18.9561           37.5069           57.3909           77.6776           98.1682          118.7667          139.4304          160.1544          180.8948
            1.8946           21.1135           40.3361           60.3338           80.5387          100.9428          121.5938          142.2536          162.9945          183.7282
           16.5116           35.7542           55.8938           76.1821           96.8153          117.3563          138.1156          158.7596          179.5452
           14.1747           34.3225           54.7958           75.4516           96.3141          117.1821          137.9890          158.8485          179.6329
            0.2505           18.7126           37.8666           57.6954           77.8659           98.4618          119.1737          139.8360          160.5712          181.3641
           17.1018           37.5534           58.3112           79.1677          100.0847          121.0556          141.8291          162.7182          183.5444
            7.2661           28.7338           49.3321           70.4106           91.5742          113.0565          134.3718          155.9929          177.3980          198.7901
            9.6027           30.7974           51.4921           72.7746           93.7257          114.8727          135.7710          156.8356          177.7562          198.6756
            6.9315           25.5149           42.2268           59.1496           76.9923           95.5856          114.7050          133.8954          152.8274          170.6743          187.3729
           10.8323           34.8752           57.5964           79.7712          101.3878          122.6722          143.7059          164.6131          185.5530
            5.6164           28.2868           50.7565           73.7925           96.4532          118.5612          140.1712          161.4693          182.6726
           17.1750           36.4515           56.6182           76.9943           97.6483          118.4140          139.2297          159.9554          180.8443
           10.9046           33.1794           55.1339           76.8112           98.3949          119.5492          140.7348          161.6752          182.6718
            0.2594           19.1340           38.7124           59.1211           79.7139          100.4147          121.2061          142.0327          162.8747          183.7500
           16.6887           37.8665           59.1217           80.2951          101.3287          122.3994          143.2318          164.0758          184.9322
           15.1111           35.4753           56.0733           76.9726           97.8541          118.6777          139.4064          160.2119          181.0742
           12.3746           35.3147           57.3331           79.1350          100.5711          121.8524          142.8013          163.8103          184.7343
            2.2137           21.3973           40.4642           60.4269           80.6885          101.1333          121.7557          142.4423          163.2184          184.0792
            6.5019           27.3336           46.7415           65.1765           83.0577          101.3297          120.4319          140.0938          160.1082          180.3896
           11.5128           32.6136           53.1292           74.3304           95.4141          116.5365          137.4147          158.4167          179.2914
           18.3072           38.3222           58.7886           79.4548          100.2585          121.1004          141.8783          162.6103          183.4234
           16.6742           36.3742           56.8264           77.3888           98.2133          118.9951          139.8682          160.5989          181.4525
           11.5180           33.5560           55.1538           76.6214           97.9915          119.1930          140.1721          161.0721          181.9356
           10.1873           30.9584           51.2445           71.8835           92.6721          113.2555          133.9781          154.4974          175.0733          195.4227
           12.8144           34.5346           55.8897           77.2336           98.6763          119.8556          140.9186          161.7757          182.6925
            1.4943           19.9312           38.8934           58.9382           79.2918           99.9719          120.7308          141.4924          162.2751          183.1488
           14.3079           35.9941           57.4973           78.7729           99.9529          121.1166          142.0863          162.9735          183.9143
            2.9758           21.3974           39.5304           58.5740           78.2737           98.5653          119.0309          139.7065          160.3162          181.0905
            6.8540           29.2535           51.2707           73.7077           95.8344          117.6709          139.0542          160.3265          181.4524
            2.7935           22.5957           41.8355           61.3530           81.1728          101.3548          121.7561          142.2049          162.8326          183.5727
            3.6573           24.0931           43.2658           62.4729           81.8528          101.6916          121.9116          142.3919          162.8742          183.6516
           12.5565           34.0702           55.1193           76.5452           97.8294          118.9952          139.8812          160.8164          181.6869
            2.3541           20.0112           38.0531           57.0750           76.7143           96.7673          117.0937          137.4329          157.9126          178.4769          199.0772
            3.7515           22.0092           39.8050           58.6262           78.3531           98.6152          119.0049          139.6538          160.2335          180.9906
            0.8541           19.2423           38.3195           58.2772           78.5523           99.1121          119.7147          140.4352          161.1248          181.9306
            1.1939           19.3074           38.0085           57.6926           77.9355           98.3604          119.0136          139.5997          160.3542          181.0093
           18.1520           37.6712           58.1503           78.6775           99.2948          120.0066          140.8334          161.5879          182.5056
            7.6137           31.7355           54.7560           77.3339           99.3669          120.9792          142.2696          163.2888          184.3940
            7.6751           27.9547           46.6689           64.7532           82.4519          100.6115          119.6792          139.0514          158.8745          178.8545          199.0546
           15.3552           37.5950           59.3956           80.8823          102.2132          123.3728          144.3117          165.1943          186.0388
           16.7920           36.9149           57.4906           78.1314           99.0926          119.9327          140.8097          161.5230          182.4124
            8.8991           32.8539           56.1178           78.3523          100.0150          121.4596          142.6022          163.6750          184.6970
           12.0335           33.0742           53.9565           75.0167           96.0322          117.1101          138.0709          159.0698          179.9741
            8.6556           30.3938           51.7300           73.3290           94.9322          116.3074          137.5218          158.6357          179.6360
            9.4584           31.3122           52.9953           74.5757           96.0743          117.4160          138.5928          159.6749          180.6423
            0.0102           18.0087           36.8839           56.6306           76.8945           97.4365          117.9729          138.5914          159.2734          179.9958
           15.1924           35.3741           56.0933           76.7252           97.6906          118.5942          139.5483          160.3112          181.2070
           14.3360           35.2273           56.2958           77.3139           98.5116          119.4521          140.3937          161.2111          182.1156
            2.0147           19.3522           37.1604           56.1569           75.5332           95.3355          115.4555          135.4991          155.7463          175.8184          195.8954
           10.0254           33.7724           56.2148           78.4550          100.2590          121.5859          142.6743          163.5740          184.5559
            2.6551           21.5525           40.1495           59.5520           79.4331           99.5530          119.9929          140.5119          161.1926          181.8758
           13.4417           36.2537           58.3729           80.0949          101.4942          122.7341          143.6237          164.5156          185.3682
