           20.4565           44.0524           69.0418           85.0544          103.4153          123.5990          143.8870          164.2210          185.0774
           18.8588           40.8773           61.9843           81.8004          101.9858          122.2640          142.7016          163.1172          183.8609
           18.9679           41.3600           62.5708           82.1778          102.3359          122.5376          142.9812          163.3412          184.0930
           20.1090           42.2054           63.5735           83.6147          103.0270          123.1456          143.4657          163.8651          184.5982
           19.4677           41.7483           62.9941           82.6271          102.3615          122.9108          143.1297          163.5491          184.1653
           23.3515           57.5974           83.6622          106.1651          126.0022          145.5075          165.7953          186.4281
           18.3930           39.8206           60.8997           81.2233          101.5432          121.9367          142.3542          162.8071          183.4769
           23.0911           60.8918          101.4781          141.4268          165.6688          187.1289
           20.0007           45.8918           78.9084          102.4155          123.2546          143.4536          163.8686          184.6905
           19.0926           41.2468           62.7050           82.2741          102.5744          123.1397          143.5231          163.8500          184.5590
           22.4514           59.7647           86.0461          107.2323          124.9481          145.3070          165.1618          186.0417
           19.1010           40.5626           61.6046           81.3265          101.6681          121.9963          142.5572          162.9680          183.7606
           20.9073           43.8608           76.4610          102.1420          124.1085          144.4217          164.5896          185.4255
           24.0296           56.8934           82.7691          105.5945          125.6001          146.0992          166.0757          187.4649
           22.0658           53.3189           81.6518          105.3066          125.3711          145.4493          165.6348          186.4049
           16.3062           38.2551           59.9256           80.1187          100.5137          120.8968          141.4147          161.8984          182.6781
           20.1419           49.1511           81.4273          107.2729          126.0037          145.0839          165.3605          185.9596
           18.5912           40.9197           62.3555           82.2445          102.4817          122.9363          143.4561          163.9103          184.6038
           18.6842           41.8073           64.2418           83.4095          102.9376          123.4510          143.4890          163.9179          184.4431
           17.6853           38.7847           60.1454           80.3420          101.0670          121.5546          141.9853          162.4168          183.0613
           18.9787           40.9308           62.2435           81.9929          101.9930          122.3640          142.7582          163.2257          183.9726
           18.5732           40.6762           61.7278           81.3392          101.5438          122.0075          142.5588          162.9691          183.7390
           17.0323           38.8317           60.7495           80.8341          101.6154          121.9152          142.4493          162.7696          183.4643
           26.9401           59.6299           86.6529          119.9188          146.7852          169.3297          190.2475
           21.9999           49.0240           80.7883          104.4649          125.3623          145.2981          165.5145          186.2372
           38.8415           82.6291          123.4932          164.0815
           19.2286           40.7813           61.8930           81.5791          102.1086          122.6099          143.1174          163.5943          184.2332
           19.7101           43.3498           67.7213           84.4663          103.4812          123.7560          144.1547          164.2523          184.9534
           23.7344           61.7186          100.9469          125.8874          146.0517          165.7771          186.9879
           42.0079           83.7723          127.2633          167.0751
           18.0939           39.4174           60.4817           80.6970          101.1775          121.5742          142.0969          162.5292          183.2466
           18.1726           40.4084           61.2595           81.4577          101.8085          122.3737          142.7924          163.3307          184.0311
           20.0605           42.0925           64.0218           82.7055          102.8383          123.0044          143.4711          163.8027          184.7216
           27.7208           62.4871          101.5951          142.1515          183.1098
           19.5155           41.0172           62.5731           81.9944          102.2139          122.6725          143.0854          163.5456          184.3728
           18.1081           40.8328           61.6772           81.3573          101.5504          121.8949          142.3549          162.8573          183.4796
           19.4006           40.5279           61.3147           80.8995          101.4965          121.8371          142.3289          162.8200          183.5828
           22.9561           61.0051          101.5433          142.2168          166.8826          187.7779
           19.8865           44.4316           78.4776          103.1436          124.2298          144.5685          164.7320          185.4917
           18.4768           40.7383           62.1342           81.8618          102.2235          122.4245          142.8285          163.2768          184.0597
           18.3366           41.3591           62.4121           82.0764          102.0582          122.2400          142.7312          163.1097          183.8928
           18.4951           40.3607           61.1997           81.0859          101.4850          121.9891          142.3697          162.8689          183.6173
           24.7343           59.0469           88.7088          119.6949          144.1454          165.1261          185.6898
           20.2530           44.3143           67.2782           84.8421          103.4522          123.7302          143.8704          164.2999          184.9899
           19.8283           42.7058           64.9434           83.7722          103.2039          123.5086          143.6721          164.1628          184.8527
           23.0537           56.7049           83.5988          119.9501          145.5452          166.4889          187.1921
           18.2232           40.9012           62.4998           81.9603          102.2949          122.6330          143.0752          163.5714          184.2797
           18.6902           40.8392           61.8483           81.5225          101.7275          122.2328          142.6570          163.1920          183.9528
           20.4173           42.8184           64.9580           83.5973          103.3081          123.8535          143.8756          164.2436          184.8465
           16.4693           39.7906           61.4782           81.5089          101.7569          122.1954          142.5324          162.8846          183.5891
           21.8306           65.6320          103.9120          143.9111          184.8070
           18.7534           40.5391           61.4510           81.1589          101.5953          122.1662          142.6779          163.1704          183.9072
           21.5765           46.5742           79.1453          103.3293          124.2572          144.3956          164.5740          185.4515
           17.0990           39.6514           61.0099           80.9441          101.2428          121.7967          142.2547          162.7414          183.4800
           20.5187           43.3271           65.2791           84.7113          104.4213          124.6340          145.2107          165.3823          186.1005
           34.1370           70.6189          102.7331          142.8065          183.7337
           19.0242           42.1913           63.4682           83.4989          103.1211          123.4743          143.8493          164.1136          184.7501
           18.1133           39.8554           60.8602           80.8773          101.2566          121.6248          142.0743          162.5271          183.2085
           17.7193           39.9607           60.8923           81.1663          101.4860          121.9698          142.3456          162.8923          183.5042
           19.5371           40.7339           61.4103           81.4592          101.7798          122.1598          142.7301          163.1851          183.8906
           19.0369           44.6177           79.1033          103.4314          124.4513          144.6762          164.5903          185.3493
           17.9141           41.0355           62.5749           82.3172          102.4707          122.6985          143.1135          163.6118          184.3488
           20.3924           46.8512           80.1933          103.6038          125.0728          144.6673          165.0129          185.5541
           18.8792           42.5821           64.9441           84.0319          103.2397          123.4613          143.8658          164.3933          185.2115
           20.6151           43.5945           65.8761           85.8742          103.8468          123.7849          143.9396          164.3387          184.9082
           20.7480           43.6196           64.9547           83.8904          103.0719          123.4643          143.7975          164.2561          184.8000
           21.8429           57.8762           85.0644          119.4348          145.6020          169.4069          188.1713
           38.7359           82.3317          123.7090          164.6298
           45.4727          105.3778          165.2152
           23.8729           61.1183          100.9031          126.3849          147.9280          166.7228          188.4515
           18.7315           41.5041           62.8342           82.2471          102.4674          122.8456          143.2050          163.6343          184.3340
           21.1785           55.3946           82.5475          106.3414          125.4247          145.4387          165.4252          186.1244
           17.8678           40.0293           60.7908           81.1297          101.3307          121.6714          142.0779          162.6160          183.2596
           16.7989           39.9387           61.1857           81.2477          101.5106          121.9474          142.3770          162.8916          183.5581
           23.6848           56.4937           82.8584          106.6523          127.9380          145.7291          165.9753          186.5031
           20.3904           47.4028           80.5547          104.2845          125.0451          144.8250          164.9185          185.7200
           20.6169           55.7427           82.7456          107.4755          125.8113          145.2975          165.4313          186.0869
           19.7381           44.3090           68.0695           86.0984          103.1248          123.5931          143.8211          164.3213          184.9960
           33.7455           64.5853          101.3317          141.6259          167.3334          189.6881
           19.6715           41.4317           62.3179           82.1323          102.3565          122.7203          143.2435          163.6339          184.3810
           17.3654           39.4116           60.8953           80.9001          101.4396          121.7891          142.3576          162.7891          183.5199
           18.0578           39.3474           60.6109           80.6219          101.0840          121.5380          142.0686          162.6485          183.4257
           17.8631           39.9672           60.9428           80.8616          101.1404          121.6151          141.9804          162.4588          183.1529
           16.8499           37.7069           58.8911           79.3568           99.9764          120.4418          141.0371          161.5305          182.3748
           18.3390           41.7035           62.9827           82.6106          102.4848          122.8353          143.1447          163.5958          184.2777
           17.4924           39.8285           60.9232           81.1069          101.4952          121.7452          142.2794          162.7414          183.5467
           20.3359           41.9926           63.5083           82.7896          102.7531          123.0898          143.5681          164.0363          184.6911
           18.3209           40.1391           61.0912           81.2507          101.5990          122.0469          142.4043          162.9696          183.6929
           17.8668           40.9025           62.3916           81.7248          101.8898          122.1879          142.5167          162.9656          183.6354
           18.3770           40.9967           62.4195           81.8513          101.9090          122.2199          142.7365          163.1190          183.9109
           38.0846           82.9683          123.6814          164.3144
           41.7601           84.8609          126.9088          167.7541
           18.2099           41.6499           62.9482           82.5729          102.5135          123.0527          143.4146          163.8981          184.5501
           20.8729           49.1184           80.9787          104.9121          125.8468          145.1682          165.3980          186.1452
           22.5792           57.7790           84.7004          110.4031          129.1096          146.5180          166.6307          187.3150
           21.3764           56.0719           83.1494          119.6736          144.9166          165.9651          186.7601
           24.7725           53.1743           80.8227          104.3127          124.9618          144.9930          165.0246          185.5997
           17.8506           41.5440           63.3861           82.4746          102.3138          122.6616          143.0856          163.4558          184.1174
           18.8147           40.5468           61.3675           81.1084          101.3378          121.6754          142.1806          162.7196          183.4582
           21.9534           43.0994           63.5138           82.6110          102.9621          123.6759          144.0268          164.4745          185.1627
