           21.9924           44.4872           65.9351           85.7936          106.2083          127.2183          148.1819          168.9772          189.8555
           19.8309           42.1036           63.0583           83.7815          104.8149          125.6359          146.4373          167.2354          188.1442
           20.8983           44.1140           65.5448           85.7359          106.5742          127.4296          148.3904          169.3401          190.2646
           20.0377           41.9232           62.6892           83.4013          104.3574          125.0935          145.8959          166.6796          187.5961
           22.0416           44.5039           64.9368           85.2552          106.1482          126.9416          147.9010          168.6885          189.6487
           18.9243           41.3053           62.3846           83.0486          104.0106          124.8481          145.6479          166.4123          187.3477
           22.6064           61.9222           88.5477          107.1723          129.2592          150.5387          170.6362          193.9657
           20.6333           42.1984           62.9495           83.5502          104.4981          125.3884          146.2601          167.0918          188.0626
           19.9006           42.2186           62.9630           83.5376          104.2737          125.1547          146.0001          166.8383          187.8393
           20.3998           41.7980           62.6774           83.4029          104.3024          125.1710          145.9739          166.7711          187.7514
           18.7395           40.8913           61.7455           82.3438          103.3097          124.1861          144.9853          165.7874          186.7595
           22.1523           44.0222           64.8500           85.2138          105.9262          127.1192          148.2762          169.1160          190.1184
           21.1685           42.5827           63.4766           84.0875          104.9743          125.7952          146.5156          167.2328          188.1003
           23.8888           61.1398           89.5352          108.9197          145.4668          187.8672
           21.0288           42.6559           63.3205           83.8934          104.7784          125.6452          146.5521          167.4460          188.4014
           22.7357           60.9467           87.0737          123.8236          165.2586
           21.2887           43.6617           64.8942           85.0827          105.4626          126.2654          146.9910          167.7426          188.6715
           22.8540           45.2632           66.9205           86.7938          107.2913          127.5050          148.2875          168.9439          189.9058
           20.5011           42.1381           62.7033           83.2693          104.0530          124.8481          145.5688          166.3092          187.2022
           22.0441           43.9291           64.6121           85.0363          105.4851          126.1631          147.0546          167.9297          188.8446
           23.5782           61.6045           88.2594          106.7559          128.5586          149.0247          170.9569          190.8309
           21.7963           47.0226           82.6349          106.7062          127.6650          148.4242          169.1388          189.9039
           18.5954           40.9288           61.9616           82.7601          103.6230          124.4055          145.2782          166.0337          187.0084
           22.8616           44.8944           65.9636           85.9514          106.7298          127.4819          148.3624          169.0425          189.9925
           18.7873           41.7477           63.0733           83.7543          104.3433          125.1462          145.9183          166.7570          187.6155
           19.3410           42.0380           63.0855           83.7067          104.4701          125.2406          146.1462          166.8952          187.9165
           19.6363           42.4455           63.3568           84.0485          104.8730          125.7110          146.5797          167.4122          188.3494
           19.4523           41.4442           62.2693           83.0341          104.1120          125.0395          145.9344          166.7024          187.6938
           21.2908           44.0243           65.4891           85.0477          106.0159          126.6538          147.4190          168.1387          189.0596
           22.5062           44.0852           64.7144           85.0157          105.8759          126.8172          147.6780          168.5600          189.4024
           22.4337           60.7866           88.1431          109.5628          128.9945          150.4778          171.1383          191.7696
           21.2550           42.9813           63.9647           84.3062          104.8647          125.7108          146.5663          167.4365          188.3762
           22.0756           43.5100           64.0033           84.7134          105.5874          126.4591          147.3689          168.1951          189.1543
           19.4921           41.1698           61.9371           82.6972          103.5582          124.4738          145.2854          166.0824          187.0327
           22.2751           44.6576           66.8772           85.9039          106.5384          127.7436          148.7206          169.4744          190.4280
           19.8198           42.3731           63.3427           83.8920          104.5343          125.3337          146.0626          166.8473          187.7903
           20.6856           43.0269           63.8354           84.4656          105.3589          126.1217          146.9442          167.7906          188.6942
           23.6156           46.0829           67.1319           87.1467          109.1953          129.3554          150.5624          171.7520          192.4844
           19.3892           42.0120           63.1619           84.0159          104.7568          125.5875          146.3355          167.1395          188.0156
           23.0796           60.2176           86.6406          113.4562          129.4110          165.7497          196.1309
           17.6890           41.4119           62.4291           83.0089          103.9391          124.7833          145.5656          166.3907          187.3370
           18.8217           40.7506           61.4715           82.1815          103.0737          123.9256          144.7675          165.6397          186.5025
           19.3041           41.1759           62.0189           82.7597          103.6396          124.5302          145.2792          166.1285          187.0050
           20.5597           43.3676           63.9041           84.3356          105.1625          126.0132          146.7741          167.5733          188.5152
           20.9364           43.2406           64.1781           84.6448          105.3749          126.1563          146.9651          167.7833          188.7746
           20.8868           42.7248           63.6680           84.1727          104.8709          125.6220          146.5343          167.3647          188.4012
           21.5929           43.3796           63.7798           84.2707          105.2393          126.1212          147.0791          167.9819          188.9452
           20.6597           42.6812           63.7891           84.4671          105.1085          125.9323          146.5874          167.4212          188.2416
           21.7371           43.8686           64.8186           85.0816          106.0504          126.8192          147.5783          168.2792          189.2227
           20.8592           43.2339           64.0606           84.4906          105.0924          125.9426          146.6803          167.6194          188.3940
           23.5838           44.6821           64.6536           85.3525          106.7445          127.7665          148.4597          169.6958          190.3023
           20.3559           42.5264           62.9874           83.6352          104.4692          125.3733          146.1161          166.9555          187.8746
           21.4571           44.1830           65.3793           85.5567          106.2949          127.0552          147.9527          168.6757          189.7445
           18.8457           41.4786           62.3922           83.1981          103.9547          124.7321          145.4265          166.2330          187.0860
           21.5232           42.7797           63.4781           84.1640          105.1378          126.0546          146.9708          167.7961          188.7627
           17.6157           40.8276           61.8686           82.5576          103.4933          124.3665          145.2317          166.0524          186.9853
           20.3606           42.2737           63.3495           83.9350          104.6234          125.3716          146.1821          166.9459          187.8711
           18.5056           40.6295           61.8079           82.5611          103.4767          124.2609          145.0906          165.8705          186.8058
           19.7257           42.1654           62.8114           83.4173          104.1417          125.0310          145.8496          166.7356          187.7100
           19.1915           42.3607           63.5182           84.0618          104.7978          125.6379          146.3927          167.2047          188.0929
           38.7778           86.5607          128.7370          172.9329
           22.7890           52.7005           83.3585          107.6097          127.7454          149.0384          169.6542          190.7708
           20.0399           41.8903           62.6943           83.3900          104.1268          125.0756          145.8873          166.8106          187.7535
           23.8298           62.3594          103.3919          143.4512          171.2372
           19.1387           41.6212           62.6832           83.3122          104.0065          124.7732          145.5386          166.3534          187.2799
           21.5328           43.1486           63.7042           84.0533          104.8113          125.6851          146.6180          167.3878          188.4389
           20.1651           42.3087           63.1132           83.8333          104.6196          125.4011          146.1276          166.9033          187.8060
           20.9361           43.0975           64.2724           84.5942          105.0833          125.8107          146.5531          167.3873          188.2448
           23.2816           62.5273          104.7885          146.3776          187.9074
           22.5819           44.0174           65.0759           85.6664          106.1295          126.7983          147.5779          168.2882          189.2182
           18.8380           41.4638           62.3028           83.0571          103.8953          124.6617          145.3868          166.1714          187.0743
           18.2707           40.8355           61.8433           82.6706          103.4973          124.3205          145.0535          165.8496          186.7043
           23.8590           61.3107           87.0903          108.4988          130.0399          151.3279          172.2039          193.0595
           21.1396           43.5335           64.1669           84.6523          105.4833          126.6480          147.5310          168.4241          189.3490
           21.4530           44.3406           66.0084           85.3137          105.9158          126.5495          147.2508          168.0789          188.8855
           21.0882           42.5242           63.5270           84.1721          105.1130          125.9526          146.7264          167.5205          188.4045
           20.8075           42.2106           62.9369           83.6234          104.6469          125.5013          146.3728          167.1840          188.1703
           20.7150           42.6443           63.6956           84.2798          104.8940          125.7942          146.6984          167.6245          188.5723
           19.1919           41.5420           62.6159           83.1908          103.9413          124.6603          145.4355          166.2056          187.1223
           20.3363           41.7144           62.3955           83.1272          104.0557          125.0125          145.9377          166.7769          187.7708
           19.9817           42.0746           62.8905           83.5272          104.2194          124.9759          145.7438          166.5527          187.4955
           19.0917           41.2437           62.1961           83.0569          103.8880          124.8463          145.6507          166.5166          187.4073
           20.6108           41.3620           62.0758           82.8970          103.8306          124.6913          145.5714          166.3849          187.4192
           20.8967           44.0700           65.3509           85.3959          105.9377          126.6999          147.6392          168.4747          189.4962
           20.2573           42.8820           64.2092           84.6775          105.3432          126.0564          146.7255          167.5097          188.3648
           21.0569           42.5627           63.4410           84.1555          104.9823          125.9185          146.5491          167.3806          188.1976
           21.9898           44.7958           65.5069           85.5624          106.2875          126.8334          147.7083          168.4395          189.4772
           19.9512           42.2077           63.0958           83.6984          104.3295          125.1036          145.8933          166.7053          187.6263
           18.5629           40.3817           61.0923           81.9426          102.8937          123.7782          144.5640          165.3711          186.2908
           21.0780           43.4446           64.5079           85.1212          105.8353          126.6266          147.5368          168.3765          189.2152
           21.4044           43.7885           64.4105           85.0414          105.7756          126.6939          147.5109          168.4102          189.1669
           21.9939           46.3533           67.8530           86.4399          108.2491          128.3828          149.0484          169.9721          190.5217
           22.5036           45.3284           66.8492           85.7002          106.4989          127.0924          147.7057          168.4030          189.2517
           20.5257           42.2943           63.2591           83.8701          104.7989          125.5737          146.4100          167.1811          188.1740
           21.0415           43.9989           65.2542           85.7774          106.1029          126.8354          147.4859          168.2567          189.1211
           20.7277           43.1162           64.2978           84.6180          105.3890          126.1664          146.9055          167.7679          188.6613
           22.2958           56.8024           84.1388          106.4794          127.1509          148.1738          169.0155          189.9864
           20.2637           43.2540           64.1836           84.3769          105.1537          126.0448          146.9893          167.9293          188.8890
           22.6787           48.9841           80.8233          106.8661          131.0196          150.2681          173.4888          191.7447
           19.6232           41.4206           62.1680           82.8212          103.6211          124.3865          145.1669          165.9053          186.8845
